0100000001000000f4f3f2f108000000080100009b669995fafafafa9f860100
b50000000200000009010000b50000000300000024010000c600000003000000
c400000002000000c5000000b5000000030000003b010000c600000003000000
b5000000030000004a010000c600000003000000b5000000030000004f010000
c600000003000000b50000000300000056010000c600000003000000c4000000
02000000c7000000000000000000000000000000000000000000000000000000
0000000000000000000000000000000000000000000000000000000000000000
0000000000000000000000000000000000000000000000000000000000000000
0000000000000000000000000000000000000000000000000000000000000000
0000000000000000000000000000000000000000000000000000000000000000
0000000000000000000000000000000000000000000000000000000000000000
0000000000000000000000000000000000000000000000000000000000000000
0000000000000000000000000000000000000000000000000000000000000000
0000000000000000000000000000000000000000000000000000000000000000
0000000000000000000000000000000000000000000000000000000000000000
0000000000000000000000000000000000000000000000000000000000000000
0000000000000000000000000000000000000000000000000000000000000000
0000000000000000000000000000000000000000000000000000000000000000
0000000000000000000000000000000000000000000000000000000000000000
0000000000000000000000000000000000000000000000000000000000000000
0000000000000000000000000000000000000000000000000000000000000000
0000000000000000000000000000000000000000000000000000000000000000
0000000000000000000000000000000000000000000000000000000000000000
0000000000000000000000000000000000000000000000000000000000000000
0000000000000000000000000000000000000000000000000000000000000000
0000000000000000000000000000000000000000000000000000000000000000
0000000000000000000000000000000000000000000000000000000000000000
0000000000000000000000000000000000000000000000000000000000000000
0000000000000000000000000000000000000000000000000000000000000000
0000000000000000000000000000000000000000000000000000000000000000
0000000000000000000000000000000000000000000000000000000000000000
0000000000000000000000000000000000000000000000000000000000000000
0000000000000000000000000000000000000000000000000000000000000000
0000000061000000380000003400000038000000660000006100000038000000
3600000063000000610000006400000063000000360000003000000039000000
6500000038000000350000003200000032000000650000006500000038000000
340000003100000066000000f4f3f2f138000000330000003400000032000000
6600000038000000390000003900000063000000610000003900000030000000
3500000032000000640000006600000039000000330000003200000062000000
6500000038000000f4f3f2f13900000063000000340000003200000066000000
3800000039000000360000006300000061000000640000006400000036000000
30000000f4f3f2f139000000660000003400000038000000f4f3f2f139000000
6600000034000000660000006600000031000000f4f3f2f13800000038000000
37000000370000006300000031000000f4f3f2f1000000000000000000000000
0000000000000000000000000000000000000000